00	00	00	00	00	00	00	00	00	00
Gong	0	0.0	0.11	0.7	1	0	0	0	2	2
Xiaoliang	0	0.0	0.11	0.7	1	0	0	0	2	2
00	00	00	00	00	00	00	00	00	00	00
00	00	00	00	00	00	00	00	00	00
a	0	0.0	0.11	0.47	0	1	0	0	0	0
,	0	0.0	0.11	0.47	0	1	0	0	0	0
*	0	0.0	0.11	0.47	0	0	0	0	0	0
00	00	00	00	00	00	00	00	00	00	00
,	0	0.0	0.11	0.7	0	1	0	0	0	0
00	00	00	00	00	00	00	00	00	00
Stephan	0	0.0	0.11	0.7	1	0	0	0	0	2
Bansmer	0	0.0	0.11	0.7	1	0	0	0	0	2
00	00	00	00	00	00	00	00	00	00	00
00	00	00	00	00	00	00	00	00	00
b	0	0.0	0.11	0.47	0	0	0	0	0	0
00	00	00	00	00	00	00	00	00	00	00
a	0	0.0	0.14	0.3	0	0	0	0	0	0
00	00	00	00	00	00	00	00	00	00	00
00	00	00	00	00	00	00	00	00	00
School	0	0.0	0.14	0.45	1	0	0	0	0	0
00	00	00	00	00	00	00	00	00	00
of	0	0.0	0.14	0.45	0	0	1	0	0	0
00	00	00	00	00	00	00	00	00	00
Aeronautics	0	0.0	0.14	0.45	1	1	0	0	0	0
,	0	0.0	0.14	0.45	1	1	0	0	0	0
Northwestern	0	0.0	0.14	0.45	1	0	0	0	0	0
Polytechnical	0	0.0	0.14	0.45	1	0	0	0	0	0
University	0	0.0	0.14	0.45	1	1	0	0	0	0
,	0	0.0	0.14	0.45	1	1	0	0	0	0
Xian	0	0.0	0.14	0.45	1	0	0	0	0	0
00	00	00	00	00	00	00	00	00	00
710072	0	0.0	0.14	0.45	0	1	0	0	0	0
,	0	0.0	0.14	0.45	0	1	0	0	0	0
00	00	00	00	00	00	00	00	00	00
China	0	0.0	0.14	0.45	1	0	0	0	0	0
00	00	00	00	00	00	00	00	00	00	00
00	00	00	00	00	00	00	00	00	00
b	0	0.01	0.18	0.3	0	0	0	0	0	0
00	00	00	00	00	00	00	00	00	00	00
00	00	00	00	00	00	00	00	00	00
Institute	0	0.01	0.18	0.45	1	0	0	0	0	0
00	00	00	00	00	00	00	00	00	00
of	0	0.01	0.18	0.45	0	0	1	0	0	0
00	00	00	00	00	00	00	00	00	00
Fluid	0	0.01	0.18	0.45	1	0	0	0	0	0
Mechanics	0	0.01	0.18	0.45	1	1	0	0	0	0
,	0	0.01	0.18	0.45	1	1	0	0	0	0
Technische	0	0.01	0.18	0.45	1	0	0	0	0	0
Universitat	0	0.01	0.18	0.45	1	0	0	0	0	0
Braunschweig	0	0.01	0.18	0.45	1	1	0	0	0	0
,	0	0.01	0.18	0.45	1	1	0	0	0	0
Braunschweig	0	0.01	0.18	0.45	1	0	0	0	0	0
00	00	00	00	00	00	00	00	00	00
38108	0	0.01	0.18	0.45	0	1	0	0	0	0
,	0	0.01	0.18	0.45	0	1	0	0	0	0
00	00	00	00	00	00	00	00	00	00
Germany	0	0.01	0.18	0.45	1	0	0	0	0	0
Received	0	0.01	0.21	0.45	1	0	0	0	0	0
00	00	00	00	00	00	00	00	00	00
16	0	0.01	0.21	0.45	0	0	0	0	0	0
00	00	00	00	00	00	00	00	00	00
October	0	0.01	0.21	0.45	1	0	0	0	0	0
00	00	00	00	00	00	00	00	00	00
2014;	0	0.01	0.21	0.45	0	0	0	0	0	0
revised	0	0.01	0.21	0.45	0	0	0	0	0	0
20	0	0.01	0.21	0.45	0	0	0	0	0	0
00	00	00	00	00	00	00	00	00	00
April	0	0.01	0.21	0.45	1	0	0	0	0	0
00	00	00	00	00	00	00	00	00	00
2015;	0	0.01	0.21	0.45	0	0	0	0	0	0
accepted	0	0.01	0.21	0.45	0	0	0	0	0	0
11	0	0.01	0.21	0.45	0	0	0	0	0	0
00	00	00	00	00	00	00	00	00	00
May	0	0.01	0.21	0.45	1	0	0	0	0	0
00	00	00	00	00	00	00	00	00	00
2015	0	0.01	0.21	0.45	0	0	0	0	0	0
00	00	00	00	00	00	00	00	00	00
Available	0	0.01	0.25	0.45	1	0	0	0	0	0
00	00	00	00	00	00	00	00	00	00
online	0	0.01	0.25	0.45	0	0	0	0	0	0
2	0	0.01	0.25	0.45	0	0	0	0	0	0
00	00	00	00	00	00	00	00	00	00
September	0	0.01	0.25	0.45	1	0	0	0	0	0
00	00	00	00	00	00	00	00	00	00
2015	0	0.01	0.25	0.45	0	0	0	0	0	0
00	00	00	00	00	00	00	00	00	00	00
00	00	00	00	00	00	00	00	00	00
KEYWORDS	0	0.01	0.29	0.4	1	0	0	0	0	0
Deformation	0	0.01	0.32	0.4	1	0	0	0	0	0
00	00	00	00	00	00	00	00	00	00
measurements;	0	0.01	0.32	0.4	0	0	0	0	0	0
00	00	00	00	00	00	00	00	00	00
Flexible	0	0.01	0.36	0.4	1	0	0	0	0	0
00	00	00	00	00	00	00	00	00	00
airfoil;	0	0.01	0.36	0.4	0	0	0	0	0	0
00	00	00	00	00	00	00	00	00	00
HornSchunck;	0	0.01	0.39	0.4	1	0	0	0	0	0
Optical	0	0.01	0.43	0.4	1	0	0	0	0	0
00	00	00	00	00	00	00	00	00	00
flow;	0	0.01	0.43	0.4	0	0	0	0	0	0
00	00	00	00	00	00	00	00	00	00
Stereoscopic	0	0.02	0.46	0.4	1	0	0	0	0	0
00	00	00	00	00	00	00	00	00	00	00
Abstract	0	0.02	0.5	0.42	1	0	0	0	0	0
Current	0	0.02	0.5	0.42	1	0	0	0	0	0
00	00	00	00	00	00	00	00	00	00
deformation	0	0.02	0.5	0.42	0	0	0	0	0	0
measurement	0	0.02	0.5	0.42	0	0	0	0	0	0
techniques	0	0.02	0.5	0.42	0	0	0	0	0	0
suffer	0	0.02	0.5	0.42	0	0	0	0	0	0
from	0	0.02	0.5	0.42	0	0	0	0	0	0
limited	0	0.02	0.5	0.42	0	0	0	0	0	0
spatial	0	0.02	0.5	0.42	0	0	0	0	0	0
resolution.	0	0.02	0.5	0.42	0	0	0	0	0	0
00	00	00	00	00	00	00	00	00	00
In	0	0.02	0.5	0.42	1	0	0	0	0	0
00	00	00	00	00	00	00	00	00	00
this	0	0.02	0.54	0.42	0	0	0	0	0	0
work	0	0.02	0.54	0.42	0	1	0	0	0	0
,	0	0.02	0.54	0.42	0	1	0	0	0	0
a	0	0.02	0.54	0.42	0	0	0	0	0	0
highly	0	0.02	0.54	0.42	0	0	0	0	0	0
accurate	0	0.02	0.54	0.42	0	0	0	0	0	0
and	0	0.02	0.54	0.42	0	0	1	0	0	0
high-resolution	0	0.02	0.54	0.42	0	0	0	0	0	0
00	00	00	00	00	00	00	00	00	00
HornSchunck	0	0.02	0.54	0.42	1	0	0	0	0	0
00	00	00	00	00	00	00	00	00	00
optical	0	0.02	0.54	0.42	0	0	0	0	0	0
flow	0	0.02	0.54	0.42	0	0	0	0	0	0
method	0	0.02	0.54	0.42	0	0	0	0	0	0
is	0	0.02	0.54	0.42	0	0	0	0	0	0
developed	0	0.02	0.54	0.42	0	0	0	0	0	0
and	0	0.02	0.57	0.42	0	0	1	0	0	0
then	0	0.02	0.57	0.42	0	0	0	0	0	0
applied	0	0.02	0.57	0.42	0	0	0	0	0	0
to	0	0.02	0.57	0.42	0	0	0	0	0	0
measuring	0	0.02	0.57	0.42	0	0	0	0	0	0
the	0	0.02	0.57	0.42	0	0	0	0	0	0
static	0	0.02	0.57	0.42	0	0	0	0	0	0
deformation	0	0.02	0.57	0.42	0	0	0	0	0	0
of	0	0.02	0.57	0.42	0	0	1	0	0	0
a	0	0.02	0.57	0.42	0	0	0	0	0	0
birdlike	0	0.02	0.57	0.42	0	0	0	0	0	0
flexible	0	0.02	0.57	0.42	0	0	0	0	0	0
airfoil	0	0.02	0.57	0.42	0	0	0	0	0	0
at	0	0.02	0.57	0.42	0	0	0	0	0	0
a	0	0.02	0.57	0.42	0	0	0	0	0	0
series	0	0.02	0.57	0.42	0	0	0	0	0	0
of	0	0.02	0.57	0.42	0	0	1	0	0	0
angles	0	0.02	0.57	0.42	0	0	0	0	0	0
of	0	0.02	0.61	0.42	0	0	1	0	0	0
attack	0	0.02	0.61	0.42	0	0	0	0	0	0
at	0	0.02	0.61	0.42	0	0	0	0	0	0

